% -------------------------------------------------------------------
%  Generated by MATLAB on 11-Dec-2021 18:11:44
%  MATLAB version: 9.8.0.1323502 (R2020a)
% -------------------------------------------------------------------
                                

n = [0 1 2 3 4 5 6 7 8 9 10 11 12 13 14 15 16 17 18 19 20];

t = [0 1 2 3 4 5 6 7 8 9 10 11 12 13 14 15 16 17 18 19 20];

